{
  "labels": [
    "F1",
    "F2",
    "F3",
    "F4",
    "F5",
    "F6",
    "F7",
    "F8",
    "F9",
    "F10"
  ],
  "full_labels": [
    "利率差 (Fed−ECB)",
    "实际利率变化 (TIPS Δ20d)",
    "期限利差 (10Y−2Y)",
    "风险情绪 (VIX)",
    "通胀预期 (BEI 10Y)",
    "曲线动量 (利差Δ20d)",
    "长端利率动量 (10YΔ20d)",
    "信用残差 (BBB⊥VIX)",
    "波动率差 (VIX−MOVE)",
    "资金压力 (SOFR−IORB)"
  ],
  "matrix": [
    [
      1.0,
      -0.0275,
      -0.2184,
      0.1156,
      0.0552,
      0.0047,
      -0.0173,
      0.1661,
      -0.0569,
      -0.0952
    ],
    [
      -0.0275,
      1.0,
      0.1519,
      0.0888,
      0.2441,
      0.3986,
      0.7932,
      -0.046,
      -0.1232,
      -0.1357
    ],
    [
      -0.2184,
      0.1519,
      1.0,
      -0.0834,
      0.2193,
      0.2856,
      0.1588,
      -0.1304,
      0.1136,
      0.0449
    ],
    [
      0.1156,
      0.0888,
      -0.0834,
      1.0,
      -0.1272,
      0.0077,
      0.0332,
      0.2902,
      0.0039,
      -0.1795
    ],
    [
      0.0552,
      0.2441,
      0.2193,
      -0.1272,
      1.0,
      0.0525,
      0.3451,
      0.0845,
      -0.1322,
      -0.1638
    ],
    [
      0.0047,
      0.3986,
      0.2856,
      0.0077,
      0.0525,
      1.0,
      0.4835,
      -0.2031,
      -0.0544,
      0.0105
    ],
    [
      -0.0173,
      0.7932,
      0.1588,
      0.0332,
      0.3451,
      0.4835,
      1.0,
      -0.182,
      -0.0507,
      -0.1165
    ],
    [
      0.1661,
      -0.046,
      -0.1304,
      0.2902,
      0.0845,
      -0.2031,
      -0.182,
      1.0,
      -0.0482,
      -0.1312
    ],
    [
      -0.0569,
      -0.1232,
      0.1136,
      0.0039,
      -0.1322,
      -0.0544,
      -0.0507,
      -0.0482,
      1.0,
      0.0706
    ],
    [
      -0.0952,
      -0.1357,
      0.0449,
      -0.1795,
      -0.1638,
      0.0105,
      -0.1165,
      -0.1312,
      0.0706,
      1.0
    ]
  ]
}