{
  "labels": [
    "F1",
    "F2",
    "F3",
    "F4",
    "F5",
    "F6",
    "F7",
    "F8",
    "F9",
    "F10",
    "σ1",
    "σ2",
    "σ3",
    "σ4",
    "σ5",
    "σ6",
    "σ7",
    "σ8",
    "σ11",
    "σ12",
    "σ13"
  ],
  "full_labels": [
    "利率差 (Fed−ECB)",
    "实际利率变化 (TIPS Δ20d)",
    "期限利差 (10Y−2Y)",
    "风险情绪 (VIX)",
    "通胀锚定 (5Y5Y Fwd)",
    "曲线动量 (利差Δ20d)",
    "长端利率动量 (10YΔ20d)",
    "信用残差 (BBB⊥VIX)",
    "波动率差 (VIX−MOVE)",
    "资金压力 (SOFR−IORB)",
    "风险反转 (RR proxy)",
    "汇率残差 (DXY⊥利差)",
    "原油波动率 (OVX)",
    "恐慌溢价 (VVIX/VIX)",
    "科技分化 (VXN−VIX)",
    "高收益波动 (HYG RV)",
    "黄金波动率 (GVZ)",
    "RR×残差共振",
    "科技溢出 (VXN-VIX×β)",
    "信用修复 (VXHYG×CDS)",
    "油价冲击归因 (供给/需求/去美元化)"
  ],
  "matrix": [
    [
      1.0,
      -0.0273,
      -0.2186,
      0.1151,
      0.0275,
      0.0008,
      0.0026,
      0.024,
      -0.0571,
      -0.0946,
      -0.1261,
      0.1965,
      0.0497,
      0.0631,
      0.0637,
      0.1106,
      -0.0618,
      0.041,
      -0.0071,
      -0.0307,
      0.0298
    ],
    [
      -0.0273,
      1.0,
      0.1514,
      0.0878,
      0.2324,
      0.2553,
      -0.0162,
      -0.0392,
      -0.1235,
      -0.1327,
      0.1574,
      -0.0286,
      -0.0227,
      -0.0291,
      0.0531,
      -0.0428,
      0.0272,
      0.0164,
      0.0231,
      -0.0757,
      -0.0001
    ],
    [
      -0.2186,
      0.1514,
      1.0,
      -0.0843,
      0.1993,
      -0.0165,
      -0.0221,
      0.2322,
      0.113,
      0.0457,
      0.077,
      -0.0766,
      -0.0682,
      0.0006,
      -0.2035,
      -0.2635,
      0.082,
      0.1316,
      -0.0404,
      0.0315,
      -0.1395
    ],
    [
      0.1151,
      0.0878,
      -0.0843,
      1.0,
      -0.2489,
      0.1132,
      -0.0183,
      0.0522,
      0.0047,
      -0.1805,
      -0.0633,
      0.0825,
      0.6365,
      -0.2049,
      0.0749,
      0.5511,
      0.582,
      0.0155,
      -0.1613,
      -0.0728,
      -0.1226
    ],
    [
      0.0275,
      0.2324,
      0.1993,
      -0.2489,
      1.0,
      0.0227,
      0.0354,
      -0.0798,
      -0.1419,
      -0.0334,
      0.0572,
      -0.113,
      -0.3511,
      -0.1331,
      0.0696,
      -0.2608,
      -0.3194,
      -0.1269,
      0.0688,
      0.0057,
      -0.0067
    ],
    [
      0.0008,
      0.2553,
      -0.0165,
      0.1132,
      0.0227,
      1.0,
      0.2199,
      0.0555,
      0.1426,
      -0.017,
      0.0584,
      0.0467,
      0.0101,
      -0.08,
      0.1614,
      0.0565,
      0.0792,
      0.0082,
      0.0238,
      -0.0463,
      -0.108
    ],
    [
      0.0026,
      -0.0162,
      -0.0221,
      -0.0183,
      0.0354,
      0.2199,
      1.0,
      -0.0243,
      0.1218,
      0.0288,
      -0.0468,
      0.0443,
      -0.0291,
      0.0371,
      0.0993,
      0.0177,
      0.0701,
      -0.0753,
      0.0586,
      0.038,
      0.1972
    ],
    [
      0.024,
      -0.0392,
      0.2322,
      0.0522,
      -0.0798,
      0.0555,
      -0.0243,
      1.0,
      0.0773,
      -0.0168,
      -0.1518,
      0.107,
      -0.0069,
      -0.1001,
      -0.0914,
      -0.0255,
      0.1178,
      0.0924,
      -0.043,
      0.2223,
      -0.1604
    ],
    [
      -0.0571,
      -0.1235,
      0.113,
      0.0047,
      -0.1419,
      0.1426,
      0.1218,
      0.0773,
      1.0,
      0.07,
      -0.0135,
      0.2044,
      -0.116,
      -0.0661,
      0.161,
      -0.1441,
      -0.0257,
      -0.0249,
      0.1048,
      0.1241,
      -0.1451
    ],
    [
      -0.0946,
      -0.1327,
      0.0457,
      -0.1805,
      -0.0334,
      -0.017,
      0.0288,
      -0.0168,
      0.07,
      1.0,
      0.0264,
      -0.0588,
      -0.0935,
      0.1869,
      -0.0713,
      -0.2142,
      0.0097,
      -0.1749,
      0.0373,
      0.037,
      0.0455
    ],
    [
      -0.1261,
      0.1574,
      0.077,
      -0.0633,
      0.0572,
      0.0584,
      -0.0468,
      -0.1518,
      -0.0135,
      0.0264,
      1.0,
      -0.1503,
      -0.0373,
      0.0833,
      -0.0307,
      -0.0686,
      -0.0485,
      0.0723,
      0.01,
      -0.0574,
      0.0671
    ],
    [
      0.1965,
      -0.0286,
      -0.0766,
      0.0825,
      -0.113,
      0.0467,
      0.0443,
      0.107,
      0.2044,
      -0.0588,
      -0.1503,
      1.0,
      0.0393,
      0.0411,
      0.2298,
      0.121,
      0.0218,
      0.3482,
      0.1725,
      -0.0158,
      -0.0034
    ],
    [
      0.0497,
      -0.0227,
      -0.0682,
      0.6365,
      -0.3511,
      0.0101,
      -0.0291,
      -0.0069,
      -0.116,
      -0.0935,
      -0.0373,
      0.0393,
      1.0,
      -0.1636,
      0.0612,
      0.5418,
      0.5467,
      0.0482,
      -0.095,
      -0.0288,
      -0.0539
    ],
    [
      0.0631,
      -0.0291,
      0.0006,
      -0.2049,
      -0.1331,
      -0.08,
      0.0371,
      -0.1001,
      -0.0661,
      0.1869,
      0.0833,
      0.0411,
      -0.1636,
      1.0,
      -0.0264,
      -0.2641,
      -0.0555,
      -0.0351,
      0.0288,
      0.005,
      0.183
    ],
    [
      0.0637,
      0.0531,
      -0.2035,
      0.0749,
      0.0696,
      0.1614,
      0.0993,
      -0.0914,
      0.161,
      -0.0713,
      -0.0307,
      0.2298,
      0.0612,
      -0.0264,
      1.0,
      0.1803,
      0.0547,
      -0.0357,
      0.414,
      0.0606,
      0.0113
    ],
    [
      0.1106,
      -0.0428,
      -0.2635,
      0.5511,
      -0.2608,
      0.0565,
      0.0177,
      -0.0255,
      -0.1441,
      -0.2142,
      -0.0686,
      0.121,
      0.5418,
      -0.2641,
      0.1803,
      1.0,
      0.3206,
      0.0982,
      -0.0687,
      -0.079,
      0.0088
    ],
    [
      -0.0618,
      0.0272,
      0.082,
      0.582,
      -0.3194,
      0.0792,
      0.0701,
      0.1178,
      -0.0257,
      0.0097,
      -0.0485,
      0.0218,
      0.5467,
      -0.0555,
      0.0547,
      0.3206,
      1.0,
      -0.0835,
      -0.0551,
      0.0232,
      -0.0154
    ],
    [
      0.041,
      0.0164,
      0.1316,
      0.0155,
      -0.1269,
      0.0082,
      -0.0753,
      0.0924,
      -0.0249,
      -0.1749,
      0.0723,
      0.3482,
      0.0482,
      -0.0351,
      -0.0357,
      0.0982,
      -0.0835,
      1.0,
      0.0028,
      -0.0681,
      -0.0991
    ],
    [
      -0.0071,
      0.0231,
      -0.0404,
      -0.1613,
      0.0688,
      0.0238,
      0.0586,
      -0.043,
      0.1048,
      0.0373,
      0.01,
      0.1725,
      -0.095,
      0.0288,
      0.414,
      -0.0687,
      -0.0551,
      0.0028,
      1.0,
      0.0536,
      0.038
    ],
    [
      -0.0307,
      -0.0757,
      0.0315,
      -0.0728,
      0.0057,
      -0.0463,
      0.038,
      0.2223,
      0.1241,
      0.037,
      -0.0574,
      -0.0158,
      -0.0288,
      0.005,
      0.0606,
      -0.079,
      0.0232,
      -0.0681,
      0.0536,
      1.0,
      0.0805
    ],
    [
      0.0298,
      -0.0001,
      -0.1395,
      -0.1226,
      -0.0067,
      -0.108,
      0.1972,
      -0.1604,
      -0.1451,
      0.0455,
      0.0671,
      -0.0034,
      -0.0539,
      0.183,
      0.0113,
      0.0088,
      -0.0154,
      -0.0991,
      0.038,
      0.0805,
      1.0
    ]
  ]
}