{
  "labels": [
    "F1",
    "F2",
    "F3",
    "F4",
    "F5",
    "F6",
    "F7",
    "F8",
    "F9",
    "F10",
    "σ1",
    "σ2",
    "σ3",
    "σ4",
    "σ5",
    "σ6",
    "σ7",
    "σ8",
    "σ9",
    "σ10",
    "σ11",
    "σ12"
  ],
  "full_labels": [
    "利率差 (Fed−ECB)",
    "实际利率变化 (TIPS Δ20d)",
    "期限利差 (10Y−2Y)",
    "风险情绪 (VIX)",
    "通胀预期 (BEI 10Y)",
    "曲线动量 (利差Δ20d)",
    "长端利率动量 (10YΔ20d)",
    "信用残差 (BBB⊥VIX)",
    "波动率差 (VIX−MOVE)",
    "资金压力 (SOFR−IORB)",
    "风险反转 (RR proxy)",
    "汇率残差 (DXY⊥利差)",
    "原油波动率 (OVX)",
    "恐慌溢价 (VVIX/VIX)",
    "科技分化 (VXN−VIX)",
    "高收益波动 (HYG RV)",
    "黄金波动率 (GVZ)",
    "RR×残差共振",
    "滞胀压力 (OVX×TIPS)",
    "尾部风险 (VVIX/VIX×RR)",
    "科技溢出 (VXN-VIX×β)",
    "信用修复 (VXHYG×CDS)"
  ],
  "matrix": [
    [
      1.0,
      -0.0276,
      -0.2184,
      0.1155,
      0.0551,
      0.0048,
      -0.0174,
      0.166,
      -0.0569,
      -0.0948,
      -0.0087,
      0.1963,
      0.0505,
      -0.1059,
      0.0639,
      0.1114,
      -0.0615,
      0.0408,
      0.0732,
      0.1683,
      -0.0072,
      -0.0019
    ],
    [
      -0.0276,
      1.0,
      0.1515,
      0.089,
      0.2442,
      0.398,
      0.793,
      -0.046,
      -0.1231,
      -0.1364,
      0.114,
      -0.0309,
      -0.0205,
      -0.0401,
      0.0546,
      -0.0413,
      0.0283,
      0.0152,
      0.0211,
      -0.0265,
      0.0235,
      -0.0975
    ],
    [
      -0.2184,
      0.1515,
      1.0,
      -0.0837,
      0.2191,
      0.2856,
      0.1587,
      -0.1306,
      0.1134,
      0.0455,
      -0.0194,
      -0.077,
      -0.0674,
      0.1475,
      -0.2033,
      -0.2629,
      0.0826,
      0.1308,
      0.069,
      -0.0462,
      -0.0404,
      -0.0192
    ],
    [
      0.1155,
      0.089,
      -0.0837,
      1.0,
      -0.1269,
      0.0072,
      0.033,
      0.2902,
      0.0041,
      -0.18,
      0.0786,
      0.0843,
      0.6363,
      -0.8462,
      0.0743,
      0.5504,
      0.5818,
      0.0165,
      0.4644,
      -0.0767,
      -0.1613,
      -0.1883
    ],
    [
      0.0551,
      0.2442,
      0.2191,
      -0.1269,
      1.0,
      0.0522,
      0.345,
      0.0848,
      -0.1322,
      -0.1645,
      0.2353,
      -0.0845,
      -0.2575,
      0.1395,
      0.0156,
      -0.1813,
      -0.245,
      -0.0898,
      -0.1544,
      -0.0355,
      0.0352,
      -0.0313
    ],
    [
      0.0048,
      0.398,
      0.2856,
      0.0072,
      0.0522,
      1.0,
      0.4833,
      -0.2031,
      -0.0544,
      0.0115,
      -0.0291,
      0.0126,
      -0.0767,
      -0.0038,
      -0.0261,
      -0.0846,
      0.0247,
      0.0012,
      -0.1112,
      0.0033,
      -0.0199,
      -0.0572
    ],
    [
      -0.0174,
      0.793,
      0.1587,
      0.033,
      0.345,
      0.4833,
      1.0,
      -0.1822,
      -0.0507,
      -0.1164,
      0.0175,
      0.0124,
      -0.0681,
      -0.0005,
      0.0688,
      -0.0793,
      0.0419,
      -0.0344,
      -0.0281,
      0.0311,
      0.065,
      -0.0067
    ],
    [
      0.166,
      -0.046,
      -0.1306,
      0.2902,
      0.0848,
      -0.2031,
      -0.1822,
      1.0,
      -0.0479,
      -0.1314,
      0.2089,
      0.1093,
      0.3389,
      -0.2916,
      0.1834,
      0.3308,
      0.0707,
      0.0187,
      0.2949,
      0.0205,
      -0.0116,
      0.0358
    ],
    [
      -0.0569,
      -0.1231,
      0.1134,
      0.0041,
      -0.1322,
      -0.0544,
      -0.0507,
      -0.0479,
      1.0,
      0.0701,
      -0.0793,
      0.2061,
      -0.1184,
      0.0231,
      0.1601,
      -0.1462,
      -0.0269,
      -0.024,
      0.096,
      0.1964,
      0.1048,
      0.0994
    ],
    [
      -0.0948,
      -0.1364,
      0.0455,
      -0.18,
      -0.1645,
      0.0115,
      -0.1164,
      -0.1314,
      0.0701,
      1.0,
      -0.0072,
      -0.0599,
      -0.0932,
      0.1932,
      -0.0709,
      -0.2148,
      0.0097,
      -0.1756,
      0.0213,
      -0.011,
      0.0369,
      -0.0026
    ],
    [
      -0.0087,
      0.114,
      -0.0194,
      0.0786,
      0.2353,
      -0.0291,
      0.0175,
      0.2089,
      -0.0793,
      -0.0072,
      1.0,
      -0.2647,
      0.0386,
      -0.0321,
      -0.1231,
      -0.0092,
      -0.0444,
      -0.051,
      -0.0393,
      -0.2969,
      -0.0977,
      -0.0281
    ],
    [
      0.1963,
      -0.0309,
      -0.077,
      0.0843,
      -0.0845,
      0.0126,
      0.0124,
      0.1093,
      0.2061,
      -0.0599,
      -0.2647,
      1.0,
      0.0437,
      -0.1288,
      0.2317,
      0.1252,
      0.0246,
      0.3477,
      0.1812,
      0.9645,
      0.1725,
      0.0548
    ],
    [
      0.0505,
      -0.0205,
      -0.0674,
      0.6363,
      -0.2575,
      -0.0767,
      -0.0681,
      0.3389,
      -0.1184,
      -0.0932,
      0.0386,
      0.0437,
      1.0,
      -0.5877,
      0.0598,
      0.5393,
      0.5453,
      0.0516,
      0.6165,
      -0.0919,
      -0.0949,
      -0.1229
    ],
    [
      -0.1059,
      -0.0401,
      0.1475,
      -0.8462,
      0.1395,
      -0.0038,
      -0.0005,
      -0.2916,
      0.0231,
      0.1932,
      -0.0321,
      -0.1288,
      -0.5877,
      1.0,
      -0.0682,
      -0.6032,
      -0.488,
      -0.0462,
      -0.4818,
      0.054,
      0.1367,
      0.1318
    ],
    [
      0.0639,
      0.0546,
      -0.2033,
      0.0743,
      0.0156,
      -0.0261,
      0.0688,
      0.1834,
      0.1601,
      -0.0709,
      -0.1231,
      0.2317,
      0.0598,
      -0.0682,
      1.0,
      0.1794,
      0.0539,
      -0.0347,
      -0.0317,
      0.2238,
      0.4141,
      0.0436
    ],
    [
      0.1114,
      -0.0413,
      -0.2629,
      0.5504,
      -0.1813,
      -0.0846,
      -0.0793,
      0.3308,
      -0.1462,
      -0.2148,
      -0.0092,
      0.1252,
      0.5393,
      -0.6032,
      0.1794,
      1.0,
      0.3184,
      0.1016,
      0.3507,
      -0.0065,
      -0.0684,
      -0.1995
    ],
    [
      -0.0615,
      0.0283,
      0.0826,
      0.5818,
      -0.245,
      0.0247,
      0.0419,
      0.0707,
      -0.0269,
      0.0097,
      -0.0444,
      0.0246,
      0.5453,
      -0.488,
      0.0539,
      0.3184,
      1.0,
      -0.082,
      0.2764,
      -0.0734,
      -0.0546,
      -0.0645
    ],
    [
      0.0408,
      0.0152,
      0.1308,
      0.0165,
      -0.0898,
      0.0012,
      -0.0344,
      0.0187,
      -0.024,
      -0.1756,
      -0.051,
      0.3477,
      0.0516,
      -0.0462,
      -0.0347,
      0.1016,
      -0.082,
      1.0,
      0.1351,
      0.3086,
      0.0026,
      -0.0521
    ],
    [
      0.0732,
      0.0211,
      0.069,
      0.4644,
      -0.1544,
      -0.1112,
      -0.0281,
      0.2949,
      0.096,
      0.0213,
      -0.0393,
      0.1812,
      0.6165,
      -0.4818,
      -0.0317,
      0.3507,
      0.2764,
      0.1351,
      1.0,
      0.0665,
      -0.0603,
      -0.117
    ],
    [
      0.1683,
      -0.0265,
      -0.0462,
      -0.0767,
      -0.0355,
      0.0033,
      0.0311,
      0.0205,
      0.1964,
      -0.011,
      -0.2969,
      0.9645,
      -0.0919,
      0.054,
      0.2238,
      -0.0065,
      -0.0734,
      0.3086,
      0.0665,
      1.0,
      0.2067,
      0.0716
    ],
    [
      -0.0072,
      0.0235,
      -0.0404,
      -0.1613,
      0.0352,
      -0.0199,
      0.065,
      -0.0116,
      0.1048,
      0.0369,
      -0.0977,
      0.1725,
      -0.0949,
      0.1367,
      0.4141,
      -0.0684,
      -0.0546,
      0.0026,
      -0.0603,
      0.2067,
      1.0,
      0.1206
    ],
    [
      -0.0019,
      -0.0975,
      -0.0192,
      -0.1883,
      -0.0313,
      -0.0572,
      -0.0067,
      0.0358,
      0.0994,
      -0.0026,
      -0.0281,
      0.0548,
      -0.1229,
      0.1318,
      0.0436,
      -0.1995,
      -0.0645,
      -0.0521,
      -0.117,
      0.0716,
      0.1206,
      1.0
    ]
  ]
}